.Random.seed <-
c(403L, 502L, 749157668L, 1622532273L, 1453026505L, 1883213297L, 
1611461265L, 8508847L, 1886420196L, 1870430824L, 523291914L, 
-863619083L, -790503055L, -1852143868L, -313216728L, -808393013L, 
-1167253977L, -944132980L, 192262310L, -2142197193L, -791390418L, 
1566769082L, 2086735167L, 1360279011L, -1086024670L, 1141626014L, 
-773346764L, -2100979055L, 440477856L, -1783901133L, -1770726235L, 
709845402L, 1705220205L, -1672001601L, -2127546423L, 1737203428L, 
-1220979434L, 158581781L, -2069642044L, 1293031195L, -1753671854L, 
1992179869L, 844384248L, -934603179L, -1687934835L, -1061323112L, 
-919813243L, 884783982L, 1689235454L, -688532450L, -1823856840L, 
-1887677782L, 350555906L, -1199749504L, 977569534L, 707241847L, 
1300663640L, -1403429565L, 276509805L, 1129851363L, 238427301L, 
1341475744L, -304344444L, -2130624735L, 1822798116L, -1919774852L, 
-2100518589L, -604562288L, 322568725L, 270841654L, 2078571867L, 
956842603L, 69086921L, 1943919781L, -1164070529L, -1179102680L, 
-1626178674L, 876390198L, 774872644L, -915777975L, -214985701L, 
-2076127105L, 1346978685L, -446292788L, 1621348310L, 926520620L, 
2109988634L, -1656761245L, -1904572061L, 2048946105L, 2085268730L, 
100244216L, -1123204151L, 2009227260L, -342138476L, 320204385L, 
-1248490379L, 329410378L, -538381256L, 498828727L, -1532134817L, 
-1738976277L, 1538863349L, 575640991L, -604674608L, -1264102362L, 
1355488205L, 523636315L, 1025344217L, -1377481636L, -739799334L, 
-18990939L, 801627058L, -915837473L, 17954498L, 281320964L, -1637603742L, 
1789018066L, -154925275L, -74233460L, 95515737L, -398765661L, 
-1725825196L, 1637580504L, 1262818194L, 906768075L, -212621067L, 
603641756L, 247387826L, 952152517L, -1998964721L, 520889997L, 
941200660L, 1281899493L, 2127379443L, -1109745412L, -106717577L, 
-1185226341L, 816755099L, 1893862348L, 2039735383L, 968078290L, 
-1380242101L, -470001903L, -1317898637L, 1110804530L, 1187750376L, 
1852778028L, 1576012736L, 1781301010L, -1937850594L, 1518700530L, 
83806940L, -2059987805L, -729727215L, -17525466L, -861009569L, 
1714754902L, -91605130L, 1708679685L, -734185073L, 779755547L, 
261476150L, -1530808298L, 831487181L, -1603608469L, -931405314L, 
1491753550L, -978824065L, 1846153445L, 1636772227L, 1858542601L, 
1096229967L, 822084986L, 606233012L, 1554691333L, 1957737381L, 
1545611445L, -1329001543L, -1042709829L, 242133708L, 1945670440L, 
36053867L, 1378484656L, 1951811561L, -1601768480L, 1102948287L, 
-142092137L, 571171078L, 2143255539L, 2120747602L, 374640698L, 
479026083L, 417607195L, -2079214927L, -466152335L, -1085730620L, 
884856830L, -941962283L, -1030004597L, -1666515616L, 766505673L, 
-358937154L, -1256169531L, 2085791902L, -808477469L, -1732727485L, 
-1098735092L, -592755506L, -679184092L, -380883824L, 2120939090L, 
-581422127L, -1926584538L, -195595754L, -1091243172L, -623283629L, 
2141116547L, -788892757L, -825765081L, 1170864997L, 26023362L, 
202975010L, -1973467211L, 630048117L, 304677050L, -2068941940L, 
1410465630L, 1695751932L, 417812570L, -1295685954L, 1264127872L, 
1291186778L, -468589642L, 1015110359L, 1060796146L, 1659844635L, 
2181042L, 88011160L, -791287002L, -973175610L, -1078366474L, 
-967584804L, 637415704L, 748979892L, 144081997L, -566080302L, 
70173176L, -1917686861L, -216701552L, 1393654081L, -25774442L, 
821668739L, -1929190912L, 666182937L, 1757912977L, -391550372L, 
-1452385714L, 704827921L, -701901764L, 1365041577L, 1020858819L, 
1493234971L, -555529151L, 1190918403L, 1402647518L, -455028380L, 
104770669L, -1095825465L, -82235977L, 797338633L, -551868038L, 
702137074L, -288065515L, 1565147187L, -1751639135L, 1600751644L, 
-141833308L, 2095114397L, -683998000L, -205434808L, -1401636774L, 
1360631872L, 483353129L, -523197076L, -283935392L, -1512788250L, 
1912532359L, -1283984484L, -143406001L, 1660327466L, -1777626160L, 
1327403942L, -1085947809L, 34470812L, 258791610L, -872386281L, 
-1259981234L, -788029036L, 557056129L, 1824699701L, 534894708L, 
-1742595929L, 843511613L, -1051798408L, 868648670L, 824240372L, 
-1574877627L, 2033781175L, -1580860615L, 1342301672L, 43927955L, 
410356011L, 155546548L, -1638987097L, -2126997554L, -227297502L, 
-1849763535L, 1564166859L, 1969321300L, -597699345L, -1796989027L, 
-867933468L, 837021667L, 1864267882L, -1998852752L, 719866666L, 
450914131L, -849802448L, 912794390L, 37749090L, 2024313647L, 
-737062843L, -1646557773L, 1940121829L, 359798096L, -477638281L, 
118741647L, -1567072008L, 1300218604L, 755206342L, 2084474363L, 
-1343857755L, 1089691753L, -1048766403L, -1994791886L, 1579905627L, 
-606736813L, -860643633L, 159561934L, -1625695169L, 1279950703L, 
-129643551L, -1411408037L, 1507454752L, -1409813899L, 1606479191L, 
705304483L, 1544774022L, 167993690L, -600524377L, 71326837L, 
831110578L, -638030954L, 747505312L, 740297155L, 694134013L, 
-1336453189L, 18150589L, 1235355529L, 1895250017L, 1818201741L, 
1631813411L, 1557315736L, -330004645L, 1152453287L, -1275938556L, 
-1289681344L, 382793450L, 44367197L, 817451370L, 789660725L, 
800399768L, 265901578L, 2024220043L, 787359207L, -180094646L, 
-687896675L, 42865834L, -1883535145L, -1773975065L, 1831519980L, 
518233689L, -2067142219L, 272297463L, -814163038L, 2034156732L, 
-583831671L, 976074618L, -579702209L, -21710163L, -2034412787L, 
-1887048361L, 871741310L, 253474954L, 1713596486L, -1075686452L, 
-1509436986L, 1464030209L, -1805753218L, -1342646276L, -1342430462L, 
708498818L, -444167129L, -324720177L, 1560864270L, 10312382L, 
-438626380L, 434944024L, 899224143L, -627926292L, -2015925690L, 
-264666239L, -465894019L, 1349678303L, 598396631L, -246612741L, 
-289639274L, 2067279868L, -817557105L, 1671195973L, 781042061L, 
2033833399L, -148954515L, -52127598L, -1956707505L, -1884994275L, 
2006882223L, 784830595L, 1011705118L, -679109713L, -1531273703L, 
-1928538320L, 913317868L, -434946431L, -640759137L, -278752422L, 
40546310L, 694213977L, -415642824L, 198165656L, 500306871L, -1699457451L, 
1427406449L, -309331833L, -259188305L, -519114624L, -794482431L, 
1231078892L, 983462670L, -1155423117L, 1768142181L, -1973880577L, 
-1038702409L, 1492618086L, -1750863145L, -1924380040L, -1726643590L, 
195060621L, 608975566L, 568037832L, 2111854746L, -955226198L, 
-946946798L, -1648299725L, 1907114064L, 701343808L, 1155266215L, 
-678198456L, 624594139L, -537712982L, -899820508L, -1245180257L, 
856073573L, 1882650117L, 1452366319L, -1033343334L, -954526289L, 
-1601029001L, 945994234L, -1645924457L, 1231123563L, 1562212618L, 
583871993L, -231113873L, -678255859L, -1886089541L, -837654814L, 
-1030735217L, -901589196L, 1075978933L, 500053936L, -1957133140L, 
-1948060979L, 1783076663L, -599586372L, 2028645971L, 440614384L, 
1495065338L, 751959642L, 1699144086L, 404480890L, 1848589889L, 
-1298711282L, -1838771512L, 250552123L, 1535445946L, 461811731L, 
921561854L, 758545663L, -1892514487L, -97235486L, -1862125472L, 
1548654663L, 519760737L, -560590378L, 1156675006L, 291028879L, 
217702987L, -702836675L, -1851197439L, -138750629L, -364389582L, 
-2110023905L, -25359347L, 2114860320L, 2018762313L, -1254675030L, 
1057724611L, -1672949893L, 66702358L, -1419050783L, -345711922L, 
745778380L, -1855569156L, 467753470L, -1902675651L, 132001399L, 
-499027021L, 1079684765L, -1861363301L, -1841636329L, -63414748L, 
809019299L, -1931523146L, 575275603L, -2059262102L, 2112353923L, 
-1118292365L, -793311583L, -1756228651L, 1451422458L, -865520864L, 
840802173L, -461773969L, -70418641L, 561939828L, 2076505042L, 
-1256305171L, 182146332L, -629904307L, -625982568L, -286395698L, 
592004215L, 572106039L, -684612312L, 300547317L, 785735766L, 
599485328L, -1419961179L, 37027053L, 2122960073L, -1788442582L, 
1021197792L, -40464100L, -445040789L, 1501859439L, 2012888242L, 
69238728L, -225169078L, 836681009L, 715132928L, -1846510521L, 
735575983L, 785919258L, -1491216609L, -1072396073L, 1680624579L, 
1821576848L, -834440438L, 1159236665L, 1070751904L, 1915724141L, 
-1497516955L, 1243846272L, -387517877L, 1212524315L, -1739375532L, 
